2.289713999999999985e-02 -2.006988999999999995e-02 2.649195000000000022e-03 1.348674000000000053e-02 -8.140160000000000451e-03 1.025829000000000020e-03 0.000000000000000000e+00 0.000000000000000000e+00 0.000000000000000000e+00
-2.006988999999999995e-02 3.384872999999999910e-01 -8.524731000000000669e-03 -1.602434999999999971e-02 1.365248000000000017e-01 -3.787785000000000110e-03 0.000000000000000000e+00 0.000000000000000000e+00 0.000000000000000000e+00
2.649195000000000022e-03 -8.524731000000000669e-03 2.033549999999999854e-03 1.325550999999999899e-03 -2.302111999999999822e-03 8.118290000000000228e-04 0.000000000000000000e+00 0.000000000000000000e+00 0.000000000000000000e+00
1.348674000000000053e-02 -1.602434999999999971e-02 1.325550999999999899e-03 3.215813000000000005e-02 -2.009077000000000085e-02 2.632264000000000045e-03 0.000000000000000000e+00 0.000000000000000000e+00 0.000000000000000000e+00
-8.140160000000000451e-03 1.365248000000000017e-01 -2.302111999999999822e-03 -2.009077000000000085e-02 2.319183999999999968e-01 -5.519689000000000366e-03 0.000000000000000000e+00 0.000000000000000000e+00 0.000000000000000000e+00
1.025829000000000020e-03 -3.787785000000000110e-03 8.118290000000000228e-04 2.632264000000000045e-03 -5.519689000000000366e-03 1.422890000000000005e-03 0.000000000000000000e+00 0.000000000000000000e+00 0.000000000000000000e+00
0.000000000000000000e+00 0.000000000000000000e+00 0.000000000000000000e+00 0.000000000000000000e+00 0.000000000000000000e+00 0.000000000000000000e+00 9.113990099116782428e-02 -3.378870105757582343e-02 2.468561097081709184e-03
0.000000000000000000e+00 0.000000000000000000e+00 0.000000000000000000e+00 0.000000000000000000e+00 0.000000000000000000e+00 0.000000000000000000e+00 -3.378870105757582343e-02 2.200914387195841426e-01 -3.608831711868301564e-03
0.000000000000000000e+00 0.000000000000000000e+00 0.000000000000000000e+00 0.000000000000000000e+00 0.000000000000000000e+00 0.000000000000000000e+00 2.468561097081709184e-03 -3.608831711868301564e-03 1.961623533477494397e-03
